2.00061 
1.99973 
2.0008 
1.99914 
2.00025 
1.99953 
2.00089 
1.99933 
2.00022 
2.00036 
2.00039 
2.00087 
2.0007 
1.99991 
1.99964 
1.99918 
2.00058 
2.00066 
2.00073 
2.00084 
1.99909 
2.00044 
1.99965 
1.99975 
1.99959 
1.99984 
1.99968 
1.9992 
1.99904 
2.00029 
1.99938 
2.00065 
1.99902 
1.99917 
2.00079 
2.00027 
1.99971 
2.00069 
2.0006 
2.00092 
2.00005 
1.99999 
2.00079 
1.99975 
2.00091 
1.99944 
1.99993 
2.00049 
1.9991 
1.99966 
2.00033 
1.99918 
1.9991 
2.00098 
1.99994 
1.99969 
1.99982 
2.00062 
1.99989 
1.99986 
1.99991 
2.00026 
1.99951 
1.99993 
2.00044 
1.9993 
1.99921 
1.99914 
2.00099 
2.00081 
1.99906 
2.00004 
1.99981 
2.00086 
2.00079 
1.99971 
1.99929 
1.99972 
1.9992 
1.99939 
2.00038 
2.00053 
1.99957 
2.00049 
2.0005 
2.00051 
1.99918 
1.99932 
2.00013 
2.00006 
2.00018 
1.99904 
1.99933 
2.00068 
1.99997 
2.00076 
2.00098 
2.00018 
2.0009 
2.00097 
1.99999 
2.00097 
2.00001 
2.0008 
2.00082 
1.9998 
1.99951 
1.99911 
2.00052 
1.99971 
1.9995 
1.99991 
1.99924 
2.00007 
1.9994 
2.00074 
1.99957 
1.99957 
1.99906 
2.0007 
2.00064 
2.00024 
2.00074 
2.00096 
1.99992 
1.99971 
2.00072 
1.99991 
2.00089 
2.00063 
1.99988 
1.99988 
2.0006 
2.00089 
1.99968 
2.00042 
1.99969 
2.00019 
2.00053 
1.99922 
2.00089 
1.99903 
2.00012 
1.99913 
2.0001 
2.00052 
2.00087 
2.00068 
1.99909 
2.00093 
2.00038 
2.00073 
2.00017 
2.00012 
2.00069 
1.99909 
2.00083 
2.00041 
2 
2.00072 
2.00004 
2.00088 
1.99961 
1.99964 
2.00077 
2.00028 
1.99906 
1.99946 
1.99947 
2.00059 
1.99968 
1.99936 
2.00063 
2.00081 
1.99949 
1.99973 
2.00033 
1.99936 
1.99941 
2.00042 
1.99929 
2.00078 
2.00015 
2.00046 
1.9999 
1.99984 
2.00056 
1.99973 
1.99925 
1.99956 
1.99946 
2.00029 
1.99944 
2.00006 
2.00093 
1.99921 
1.99935 
2.00099 
1.99968 
1.99982 
2.00059 
2.00036 
2.00018 
2.00022 
2.00016 
2.00067 
2.00094 
1.99949 
1.99904 
1.99935 
2.00091 
1.99933 
1.99913 
2.00005 
2.00079 
2.00003 
2.00089 
2.00035 
2.00077 
1.99914 
2.00091 
1.99923 
2.00043 
1.99935 
2.00029 
2.00037 
1.99956 
2.00064 
2.00036 
2.00024 
1.99946 
1.99995 
1.9996 
2.00064 
1.99917 
2.00076 
2.00031 
1.99911 
1.99925 
2.00035 
1.99946 
1.99916 
2.00068 
1.9996 
2.00021 
2.00047 
2.00063 
2.0001 
1.99982 
2.0004 
2.00024 
1.99973 
2.00062 
1.99968 
2.00008 
1.99991 
1.99904 
2.00064 
1.99955 
2.00041 
1.99987 
2.00001 
1.99936 
2.00047 
1.99964 
1.99953 
2.00023 
2.00096 
1.99964 
2.00047 
2.0003 
2.0001 
2.00063 
1.99998 
2.0007 
1.99984 
1.99945 
2.00033 
2.00094 
2.00028 
1.99973 
2.00018 
1.999 
1.99935 
2.00086 
2.00008 
2.00026 
2.0009 
1.99972 
2.00081 
2.00031 
2.00059 
1.99982 
2.00067 
2.00006 
2.00046 
1.9992 
1.99929 
2.00041 
1.99984 
2.00076 
1.99972 
2.00095 
2.00039 
2.0007 
2.00065 
1.99923 
1.99916 
1.99998 
1.99918 
2.00043 
2.00071 
2.00036 
2.00044 
1.99905 
2.00022 
1.99952 
2.00032 
2.00012 
2.00023 
2.00013 
1.99944 
1.99982 
2.00094 
1.99911 
2.00088 
2.0004 
1.99931 
1.99917 
1.99982 
2.00015 
2.00093 
2.00053 
2.0001 
2.00032 
2.00024 
1.99975 
2.00055 
2.00039 
2.00073 
2.00073 
1.99982 
2.00043 
2.00009 
1.99926 
2.00049 
1.99931 
1.99978 
1.9998 
2.00043 
1.99901 
2.00093 
2.00087 
1.99983 
2.00087 
2.00098 
1.99971 
